	average A	average B	average C	average D
P98088	0.1254290361	0.6464274102	0.1151990794	0.1129444743
B7Z597	0.1746155787	0.1792845524	0.3059088768	0.3401909921
D1MGQ2,P69905	0.1567086309	0.295051257	0.2078454865	0.3403946256
P14625,Q5CAQ5	0.1901875536	0.1651450426	0.3254092669	0.3192581369
B4DW52	0.1826909642	0.1823637088	0.333163611	0.301781716
P07237	0.1829738735	0.2241488342	0.2672325843	0.325644708
Q05707-1	0.5096628947	0.2306969124	0.1218547035	0.1377854894
D9YZU5,P68871	0.1596287688	0.296207101	0.2096415075	0.3345226227
P04406,Q2TSD0	0.1278199544	0.1229906396	0.4227947959	0.3263946101
D0PNI1,P63104	0.1613005037	0.1579758792	0.4070306576	0.2736929594
D9ZGF2,P12111-1,P12111-2	0.3649337043	0.2413006039	0.1871772339	0.2065884579
B2R4S9,P62807,O60814	0.2601577304	0.1876852829	0.2646915813	0.2874654055
C9JCD7,Q0VAC0,P09651-1,Q6IPF2,P0C7M2,P09651-2,P09651-3	0.2136188546	0.1645715012	0.3061730626	0.3156365816
P06899,Q16778	0.2566516576	0.1914906585	0.2651626312	0.2866950528
P31949	0.2310141161	0.1706732185	0.3275130658	0.2707995996
P12109	0.4013238477	0.2598039568	0.1570227856	0.1818494099
B4DFL2,Q53GL5,P48735	0.1663721786	0.1984079901	0.2704410834	0.3647787478
A8K3E4,D3DP14,D3DP15,P02671-1,P02671-2	0.1726489575	0.1465989366	0.325051321	0.3557007848
Q4TWB7	0.1596675725	0.2971721775	0.2077656405	0.3353946095
B4DGP8,P27824,D3DWQ3	0.2063513874	0.1635785463	0.3162159618	0.3138541045
B4DE02,Q6LES2,P09525	0.1661350899	0.1760154698	0.341470176	0.3163792643
P11142-1,Q53GZ6,Q96IS6	0.1956855254	0.1798220813	0.3107722888	0.3137201045
B3VL17	0.1534512657	0.3003015743	0.2004281632	0.3458189967
P02675	0.1574748738	0.1320244922	0.3551091256	0.3553915085
B4E1D3,P02675	0.1347371489	0.1282288336	0.3039007459	0.4331332715
B8ZZ37,P22626-1,P22626-2	0.2105039856	0.175552651	0.2992927078	0.3146506556
D3DRU4,P08670	0.1935150331	0.1995824978	0.2142836436	0.3926188255
P06576	0.1930046887	0.2357287916	0.2720561115	0.2992104082
P06733-1,P06733-2	0.1333180466	0.1445315002	0.4020621713	0.3200882819
Q670S4	0.1609201984	0.2964488168	0.2073801137	0.335250871
B3KQT9,P30101	0.1542477675	0.1903114977	0.3107424947	0.3446982402
P78527-1,P78527-2	0.230453912	0.1753158226	0.2955343336	0.2986959317
O43707	0.222802464	0.1939062935	0.3241061609	0.2591850816
B4E3A4,Q1KLZ0,Q53GK6,Q53G99,Q53G76,P63261,Q8WVW5,P60709	0.1704884355	0.1809550728	0.3330258976	0.3155305941
A0N071,P02042	0.1612495139	0.3010044799	0.2088143118	0.3289316944
P35579-1,Q60FE2	0.1861384912	0.2233439675	0.3121660162	0.2783515252
P27797,Q53G71	0.1858337502	0.1628066527	0.3728693641	0.278490233
Q08211	0.227811554	0.16650035	0.3371810705	0.2685070255
B2R7D7,Q4JM47,Q53G64,Q4JM46,O95994	0.3470471591	0.4226739333	0.1067621337	0.1235167739
P05787	0.1810120218	0.2639415156	0.281309134	0.2737373285
P51884	0.3124460532	0.3455431846	0.1467330931	0.1952776691
C9JC84,P02679-2,P02679-1,C9JEU5	0.1426894678	0.1364883075	0.313961227	0.4068609977
P61604,Q9UNM1	0.1553055671	0.1958587757	0.298524039	0.3503116182
P01009-1,P01009-2,P01009-3	0.1376731375	0.1453965723	0.4111032006	0.3058270896
P09651-1,P09651-2,P09651-3	0.2402680314	0.1493021317	0.3306593592	0.2797704777
P20700	0.2282108468	0.1815671343	0.2797617402	0.3104602787
P22626-1	0.2474706215	0.1699317537	0.3242899873	0.2583076375
A8K401,Q6PUJ7,P35232	NaN	NaN	NaN	NaN
D6W4Z5,P27348	0.1772309944	0.1594543708	0.3811252403	0.2821893946
B4DDB6,D3DPF4,P51991-1,B4E3E6,P51991-2	0.229875626	0.167298794	0.2759798706	0.3268457093
P60709,Q1KLZ0,Q8WVW5,Q53G76,Q53G99,Q53GK6,P63261	0.1984742279	0.1926498805	0.3270291477	0.281846744
D3DTH5,Q4VJB6,P62258	0.1574493709	0.1544679764	0.4197449234	0.2683377292
D3DQL6,P06748-1,P06748-2	0.2352950252	0.169003547	0.2939420332	0.3017593946
B3KY95,B5MBW7,B7Z254,Q53RC7,Q15084-1,Q15084-2	0.1553728274	0.1620274984	0.3441706532	0.338429021
P40926,Q6FHZ0,Q75MT9	0.1883548005	0.2114477991	0.2951056114	0.305091789
P11021	0.204839568	0.1796080734	0.3358941266	0.279658232
P05141	0.1929083075	0.2254356492	0.2821257869	0.2995302564
B3KNB4,B4DHC4,P61981	0.1708864231	0.1621273342	0.3857088694	0.2812773732
D3DNB6,Q6IBR0,Q53EP4,Q96HX3,P04843	0.2112849064	0.1985148768	0.2959493596	0.2942508572
Q05707-1,Q05707-2	0.5453841025	0.1868497773	0.1501857959	0.1175803244
P16104	0.2357005226	0.2027576211	0.266785927	0.2947559293
A8K220,B2RE56,A8K486,P62937	0.1507058752	0.1640130987	0.3788045629	0.3064764632
P68371,Q8IZ29	0.2285892346	0.1685063046	0.3474757677	0.2554286932
P31946-1,P31946-2	0.1822530929	0.1619904879	0.3845870503	0.2711693688
P68431	0.2214502071	0.1777674016	0.2966435097	0.3041388816
P45973,Q6I9T7	0.2151221013	0.1721423663	0.2837665928	0.3289689396
P30101	0.1982815383	0.1871642849	0.3214711845	0.2930829923
P02545-1,Q5I6Y6	0.3373589621	0.2418635505	0.2190026111	0.2017748763
P52272-1,P52272-2	0.2098948847	0.1732135243	0.284108643	0.3327829481
A8K5I0,B4DWK5,Q59EJ3,P08107,B4DNT8,B4DI39	0.1658252898	0.2269334413	0.3101605865	0.2970806824
A3KPC7,P0C0S8,Q9BTM1-1,Q99878,Q7L7L0,Q96KK5,Q16777,P20671,Q6FI13,Q93077,Q08AJ9,B2R5B3,P04908,A4FTV9	0.2385299202	0.2093989596	0.2651853993	0.2868857209
D3DVB0,P02545-2	0.336203554	0.2397869786	0.2233339022	0.2006755652
P13010	0.2226757466	0.165043523	0.3010927033	0.3111880271
P0C0S5,Q71UI9	0.2464313952	0.2092963269	0.2644846631	0.2797876148
P11142-1	0.2351322774	0.1741026536	0.3319142324	0.2588508366
A8K3K1,B7Z6P1,P68032,P68133	0.1890333209	0.2001770683	0.3062263968	0.3045632139
Q8TDL5-1	0.2347588108	0.5857188133	0.0857816737	0.0937407021
B4DNK4,B4DUU6,P14618-1	0.1484243102	0.131572241	0.3893799448	0.3306235039
B1AHC8,B1AHC9,B2RDN9,B4DE32,B4E356,P12956	0.2402867326	0.1665840777	0.2880164318	0.3051127578
B7ZAP6	0.1995495965	0.1798152934	0.3344175433	0.2862175668
P04406	0.1716512979	0.1366310607	0.4366506499	0.2550669916
A8K9C4,Q5VTE0,Q6IPN6,Q6IPS9,Q6IPT9,Q9H2I7,Q53G85,Q53GA1,Q53GE9,Q53HM9,Q53HQ7,P68104,Q53HR5	0.1541549084	0.1573206649	0.3690378558	0.3194865709
B5BUB5,P05455	0.2059249053	0.1465367861	0.3557772644	0.2917610442
D3DU00,Q00610-1,Q00610-2	0.1865952554	0.1893047025	0.3293796855	0.2947203566
C9JC84,C9JEU5,P02679-1,P02679-2	0.1553857871	0.124441001	0.3522898936	0.3678833183
B7Z4V2,P38646,Q8N1C8	0.1801234561	0.1829096525	0.30289375	0.3340731414
B2RA03,P05783	0.173428362	0.2272671915	0.3351803357	0.2641241108
A8K9A4,D3DS22,D3DS19,B4DY08,P07910-1,P07910-2,B2R5W2,B2R603	0.2302134957	0.1825715687	0.28479886	0.3024160756
B5BU38,Q5TZZ9,P04083	0.2673075453	0.1338725422	0.3300260455	0.268793867
Q4TZM4	0.1632406089	0.2881315913	0.2083996828	0.340228117
B2R7D7,O95994,Q4JM46,Q4JM47,Q53G64	0.3453768161	0.3699655781	0.1413003013	0.1433573045
P42704	0.1775611004	0.1989672564	0.2898417319	0.3336299112
D2JYH4,D6W5H8,P62736,P63267	0.1841006769	0.2156996248	0.3046341618	0.2955655365
B4DUI5,D3DUS9,B7Z5D8,Q53HE2,P60174-1	0.1193234725	0.1047474082	0.4662535772	0.3096755421
Q5TEC6	0.2379038986	0.1739937871	0.3016287573	0.286473557
A8K590,C9JFV5,Q59GP7,Q12906-1,Q12906-2,Q12906-3,Q12906-4,Q12906-5,Q12906-6	0.2254803581	0.1615690948	0.3000585737	0.3128919734
P12814,Q1HE25	0.2314177853	0.1998044245	0.317134231	0.2516435592
B7ZAF0,Q5JP53,Q5ST81,Q5SU16,B7ZAK1,P07437	0.2074429324	0.1881402643	0.3413633049	0.2630534984
A2A3L9,B4DVZ3,B4DW12,P20142,Q4VXA6,Q8IUM8	0.2084637543	0.5363236953	0.1217185867	0.1334939637
A8K525,D3DVV4,Q15233	0.2319417594	0.1747275964	0.2983551052	0.294975539
B4DY09,Q12905	0.2198202845	0.1576322359	0.3061211056	0.316426374
A8MUB1,B3KT06,B3KPS3,P68366,P68363	0.2185494832	0.1424469561	0.3594332007	0.27957036
B3KX72,Q00839-1,Q96BA7,Q5RI17,B4DLR3,Q00839-2	0.1930203553	0.1930925455	0.2959696426	0.3179174566
B0UXD8,P01903,B4DVL4,Q30118,Q5SP06,Q7YPT8	0.1307053654	0.1206842664	0.4231795082	0.32543086
Q14980-1,Q4LE64	0.2190334939	0.1910057621	0.293411058	0.2965496861
P09525,Q6LES2	0.2001759324	0.1835141333	0.3450739647	0.2712359695
Q96SI9-1,Q96SI9-2	0.2394915371	0.1713235186	0.2931318424	0.2960531019
B4DJ30,Q14697-1,Q14697-2	0.2021452416	0.1935445239	0.3092475994	0.2950626351
A8K9U8,Q2TUW9,B2MV13,B3KSL2,B3VMW0,Q5DSM0,Q5EK51,B7Z4X2,B7ZAL5,P02788	0.1044706167	0.0959862319	0.3962346024	0.403308549
B2R7D6,B4DVY9	0.5274803107	0.3028278724	0.0856126323	0.0840791846
B4DGP8,D3DWQ3,P27824	0.2305331853	0.1668101696	0.3284400233	0.2742166217
B4DKD0,Q71UH4,Q02880-1,Q02880-2	0.1859187054	0.1882719107	0.3024828971	0.3233264868
A8K5I0,Q59EJ3,P08107	0.1929577076	0.2192605226	0.3464196073	0.2413621625
A4FU77,O75643-1	0.2201613704	0.1875435627	0.3090254071	0.2832696598
B4DDZ5,P40939	0.174598482	0.2517353238	0.2791457728	0.2945204214
D3DPF4,P51991-1	0.2551276187	0.1499555866	0.334451374	0.2604654206
Q14980-1,Q4LE64,Q14980-2	0.1961911827	0.1936978708	0.2729750293	0.3371359172
P23246-1,Q9BSV4	0.2395281658	0.1669053417	0.3304215883	0.2631449042
B3KTS5,P21796,D3DQ93	0.1919273071	0.230380458	0.2741447103	0.3035475246
A8K4W6,B7Z7A9,P00558	0.1504247559	0.1335042042	0.425845296	0.2902257438
Q14887	0.146213404	0.6303350944	0.1158732959	0.1075782056
P04075	0.1411092926	0.1445925048	0.4301058456	0.2841923571
Q9Y2X3	0.2681393094	0.1542687915	0.2881904474	0.2894014517
P48735,Q53GL5	0.2006870576	0.1996807722	0.2985823346	0.3010498356
A6NIZ1,B4DQI8,B4DW74,B4DW94,Q5U0C3,B7ZAY2,B7ZB78,A8KAH9,P61224,P62834	0.1444514026	0.2329683116	0.3187121636	0.3038681222
A7Y9J9	0.1243326212	0.638383307	0.1141867422	0.1230973296
O75372	0.1167542072	0.6320131591	0.124699051	0.1265335827
P07900-1,P07900-2	0.1958814561	0.1458063725	0.3944474524	0.263864719
A8MW50,Q5U077,P07195,C9J7H8	0.1070102499	0.1261941105	0.46226757	0.3045280696
P14618-1	0.1767664361	0.1480070222	0.4231378223	0.2520887195
A8K008,Q6PYX1,Q6MZV7,Q6N089,Q5EFE5,Q6GMX6,P01857	0.1743694349	0.2162167207	0.3160797048	0.2933341396
B2R4C5,P61626	0.1251576733	0.6236107592	0.1274705283	0.1237610392
P11021,Q2KHP4	0.2016620631	0.1837721319	0.3000559928	0.3145098122
B0YJC4,D3DRU4,P08670	0.2151444832	0.1961671534	0.250954577	0.3377337865
B2RBR9,D3DTT3,Q14974	0.1861497194	0.2038255762	0.3312649984	0.2787597061
D9ZGG2,P04004	0.1224476155	0.1587650817	0.4765600845	0.2422272183
P49411	0.2161858149	0.2233555715	0.3034891077	0.256969506
B2R7B5,B4E043,B4DDX2,Q07666-3,D3DPP3,Q07666-2,Q07666-1	0.2176250868	0.1305851247	0.2988681205	0.352921668
A8K674,B2RDW1,Q3MIH3,Q5RKT7,P62979,P62987,B4DV12,Q5UGI3,P0CG47,Q5PY61,Q5U5U6,Q96C32,Q96MH4,P0CG48	0.1980837294	0.1615008564	0.2973708821	0.3430445321
P07900-1,Q8TBA7,P07900-2	0.1889657102	0.1451230155	0.3769588528	0.2889524215
Q9Y277-1,Q9Y277-2	0.1908915917	0.2209378969	0.283865073	0.3043054383
Q15149-1,Q15149-2,Q15149-3,Q15149-4,Q15149-5,Q15149-6,Q15149-7,Q15149-8,Q15149-9	0.2242612813	0.217361842	0.3014862894	0.2568905873
P49755,Q53GF9	0.2032965531	0.2083358108	0.2818046023	0.3065630338
A6NDF1,Q9BRX8	0.1727564849	0.1510845914	0.3124201499	0.3637387738
B3KUY2,B4DP11,B4DP21,Q15185	0.1682217939	0.1396483514	0.3817518402	0.3103780145
B4DGL0,P08238	0.175845605	0.1377610635	0.4046461768	0.2817471547
P30041	0.1040885986	0.1548716419	0.4383467788	0.3026929807
D3DWH0,Q8N8Y7,P38159	0.2444917327	0.168184523	0.3096402839	0.2776834605
P20142	0.2231332917	0.6360364078	0.0817374464	0.0590928541
P01009-1	0.1562958844	0.1499745867	0.4121903095	0.2815392194
B4DE36,B4DG39,B4DVJ0,P06744	0.1432373749	0.1566119086	0.4314964208	0.2686542957
P10909-1,Q8IWL5,P10909-2	0.125234306	0.2130506777	0.4025712229	0.2591437933
B2R8Z8,O60506-1,O60506-2,O60506-3,O60506-4	0.2031361528	0.1385361394	0.3232279642	0.3350997436
B3KX72,Q00839-1	0.2389915971	0.1709125831	0.3207464801	0.2693493396
Q1KMD3	0.2114949628	0.1469140363	0.3212926213	0.3202983796
A8K3C3,B7Z2F4,B7Z2Z8,B7Z8B1,B7Z9L0,P50991	0.1937210155	0.1681259234	0.3378975674	0.3002554937
B2R6X5,B3KSM6,B4DHP5,Q53FC7,P17066	0.1819573599	0.2170687016	0.2909728683	0.3100010701
P04792	0.1333352506	0.1530244288	0.4383323307	0.2753079899
P23246-1,Q9BSV4,Q86VG2,P23246-2	0.2016493682	0.1710957343	0.3233423877	0.3039125098
D3DWQ2,P31943	0.2334896177	0.1625106188	0.3269234942	0.2770762692
B7Z6Z4,P60660-1,P60660-2	0.1811637287	0.2387222819	0.2932479447	0.2868660447
B4DLR3,Q00839-2	0.242435022	0.167745008	0.3259994825	0.2638204875
B3KM80,B3KTP9,P19338,Q6ZS99	0.2019220717	0.1394635228	0.3371984478	0.3214159577
Q6P2Q9	0.2230202722	0.1659879947	0.3190148751	0.291976858
B4E3B6	0.1927924665	0.2212371995	0.3488605421	0.2371097919
A6NKT1,B2RE46,P04844,Q5JYR6	0.2128965408	0.2190134618	0.2814765265	0.2866134708
A8K651,Q07021	0.2084622	0.1986293815	0.3200250432	0.2728833754
P37198	0.1663140293	0.1758758054	0.3498901915	0.3079199737
B3KPS3,B3KT06,P68363	0.2450983581	0.1428534461	0.3725774561	0.2394707397
P45880-1,P45880-2,P45880-3	0.1678842711	0.1988550902	0.3320055697	0.3012550691
B3KXM2,Q9UPN1,Q07161,P36873-1,P36873-2,P62136	0.2249939277	0.1930357177	0.3001375324	0.2818328223
B3KY95,B5MBW7,B7Z254,B7Z4M8,Q53RC7,Q15084-1,Q15084-2	0.1781295495	0.1599074772	0.3620459382	0.2999170351
P23284	0.1997990006	0.1758554853	0.3249731088	0.2993724054
Q6PIL8	0.1476975994	0.2009814994	0.3346817923	0.3166391089
O43143	0.223036443	0.1676722384	0.3077539827	0.301537336
P13647	0.2067437321	0.1586561577	0.3579249958	0.2766751144
B7Z4V2,Q8N1C8,P38646	0.1986596126	0.1917759305	0.3282343329	0.281330124
A8K0R3,Q7Z532,B4DI63,P20774	0.2396062592	0.4797680062	0.1414973891	0.1391283454
B4DPP6,P02768-1	0.2578533462	0.293833595	0.2617804103	0.1865326486
B4DF70,P32119	0.1430410999	0.2406924029	0.2946211228	0.3216453744
P05141,Q6NVC0	0.2078482609	0.2062939852	0.3202691244	0.2655886295
Q53FV0	0.1818506253	0.1984786849	0.3265997194	0.2930709704
B1AHM1,B4DZQ7,C9J5E1,Q59F66,Q92841-1,Q92841-2,Q92841-3,Q92841-4,C9JMU5	0.2203244063	0.1676128188	0.3337996043	0.2782631705
B4DP75,B4DW05,Q99623	0.1940425183	0.2120698365	0.313620441	0.2802672042
B4E3K9,E1P5A9,Q7Z7M4,P04179	0.2165204763	0.1424590225	0.2436514078	0.3973690934
D3DQL6,P06748-1	0.2687252494	0.1537938311	0.3283836567	0.2490972627
B7ZW66	0.5562614135	0.2611240575	0.096196555	0.086417974
B3V8S3,Q1HE25,B4DHH3,B7TY16,P12814	0.2134877814	0.2201089165	0.2994498572	0.2669534449
P06733-1	0.1732235979	0.1500728306	0.4381689109	0.2385346606
A6NNI4,B4DPP0,D3DUQ9,P21926	0.1646863464	0.1713038743	0.3580576298	0.3059521495
Q71U36	0.2568302164	0.1449299917	0.3510660064	0.2471737855
P06576,Q0QEN7	0.2249492698	0.2325301526	0.2840748132	0.2584457645
D3DPZ8,Q06830	0.1836731937	0.18396414	0.3035265256	0.3288361407
A8K092,B4DY56,P25705	0.2088249759	0.2203174578	0.2884540284	0.282403538
A8MXP9,D3DQC3,D6REM6,Q68D11,P43243	0.215627834	0.1932973974	0.2893930282	0.3016817405
A8MUB1,P68366	0.2447573725	0.1434333839	0.3764414539	0.2353677896
B2R6F3,B4E241,P84103	0.2217814267	0.1750485161	0.2910959373	0.3120741198
B3KSI4,B4DE31,B4DVU1,B4E022,Q53EM5,P29401	0.1651360965	0.1447320047	0.374239866	0.3158920327
P26038	0.2133159954	0.1325876859	0.377893413	0.2762029057
B4DTA2,O14979-1,O14979-2,O14979-3	0.2246468371	0.1796693732	0.2704191297	0.32526466
P55795	0.239956117	0.1806601684	0.3033397872	0.2760439275
D3DTZ3,Q07955-3,Q07955-1,Q07955-2,Q59FA2	0.2152574233	0.157597304	0.3416301279	0.2855151448
A5PL27,Q1L857,B7Z5Q2,A8K5A4,P00450	0.1371331566	0.1490112672	0.4234205034	0.2904350728
A8K7T4,B4DWN1,D6RBV2,D6RDX1,Q12907	0.1780376826	0.1868029658	0.3200818461	0.3150775056
A6NBZ8,P02768-1	0.2171364625	0.3168533668	0.2440640011	0.2219461696
B4DGL0,B4DMA2,P08238	0.1701184722	0.1184121805	0.3687239005	0.3427454468
D3DV39,P06703	0.1815690531	0.1881418285	0.3394540831	0.2908350353
P23527,P33778,Q16778	0.2624869221	0.2031023556	0.2934536562	0.2409570661
B4DJV2,O75390	0.1539451337	0.18981436	0.3041515901	0.3520889162
Q13151	0.2581417315	0.1465842853	0.3235973372	0.2716766459
P26599-1,Q9BUQ0,P26599-2,Q59H49	0.2158360813	0.173534147	0.3045078728	0.3061218989
P26599-1,Q9BUQ0,P26599-2	0.2279559607	0.1513141021	0.3098080039	0.3109219333
B2R7W4,Q0VGD6,Q2L7G6,B4DMB1,Q6MZS5,O43390-1,O43390-2	0.244590884	0.1764851955	0.269143767	0.3097801535
A8KAP3,B3KX19,D3DX58,B4DK30,B4DZB1,Q6IBM8,Q8IXJ3,Q15029	0.1937252064	0.2015194241	0.3154592606	0.289296109
P11047	0.1643578689	0.174160594	0.4403108295	0.2211707076
B2RCS5,P35609	0.2361268143	0.1884352044	0.3302631914	0.2451747899
O14561	0.1622022668	0.239221725	0.2970819423	0.3014940658
Q59G16,Q8TAQ2-1,Q8TAQ2-2,Q59GV3	0.2345612139	0.1823288248	0.2963482248	0.2867617365
B7Z5E3,P00338-1,P00338-2,D3DQY3,C9J4M5	0.1387194925	0.1272561698	0.390078752	0.3439455858
B4DKS8,P52597	0.2288562729	0.1700436844	0.3195416639	0.2815583789
P62277	0.198548932	0.1985525388	0.3089459211	0.2939526082
Q2NKY5	0.2442896398	0.1375780196	0.3650907072	0.2530416334
Q14683	0.2191742803	0.1835470603	0.2933835867	0.3038950726
P38919	0.221400127	0.1701519332	0.315355276	0.2930926637
P07437,Q5SU16	0.2544781795	0.1382369036	0.3643229848	0.2429619321
B4DL20,P04179,Q7Z7M4	0.2042862587	0.1692955327	0.2552902158	0.3711279928
B3KNB4,P61981	0.1897912923	0.1700156563	0.3947408514	0.2454521999
B3KU28	0.1930902875	0.2021020449	0.305226722	0.2995809456
B4DMH5,B4E1U9,B7ZAY4,P60953-2	0.1707486194	0.2074416342	0.306200957	0.3156087894
A8K9J7,B4DLA9,Q5QNW6,Q99879,B2R4S9,P58876,P62807,Q93079,Q99877	0.2742413747	0.1933229872	0.3003207465	0.2321148916
B2R5W2,D3DS19,P07910-2	0.260137687	0.1642574726	0.3228576868	0.2527471537
Q99623	0.1930794886	0.1927223042	0.3497841582	0.264414049
P02452	0.3736820342	0.3752545193	0.1159389757	0.1351244708
B4DN41,D3DU32,B5BUE6,P17844	0.1898027645	0.1676123396	0.337393631	0.3051912649
B2R6L0,Q9BVA1,Q13885	0.2577022607	0.132531629	0.3649515891	0.2448145212
B4DSY2,Q2NLC8,Q6FII1,Q9Y2Q3-1,Q9Y2Q3-2	0.232103935	0.2217534402	0.280906168	0.2652364568
D3DUS9,P60174-1	0.1394150475	0.1392063975	0.4653336002	0.2560449548
Q12906-1	0.2552944882	0.1705319522	0.2968577401	0.2773158195
B3KUJ8,B4DMY4,P07858	0.224216352	0.1357286956	0.3352174211	0.3048375313
P50454	0.2073877067	0.1696755901	0.3063333339	0.3166033692
B3GQS7,B7Z597,P10809	0.2064650659	0.2050412527	0.3304027752	0.2580909061
B4DMY3,Q99729-4,Q99729-3,Q99729-2,Q99729-1,D6RD18,Q53F64,B5MD22,D3DWP7,D6R9P3,D6RBZ0	0.2078042507	0.1887005743	0.2820043639	0.3214908111
P12236,Q6I9V5,Q59EI9	0.2081829523	0.2009865137	0.3274927405	0.2633377934
A8K2I0,B2R853,B4DRR0,B4DWU6,P02538,P04259,P48668	0.2072756814	0.1848546837	0.3501956977	0.2576739371
P51888,Q6FG38,Q6FHG6	0.2496118492	0.4138212167	0.1654797127	0.1710872214
C9J4W5,D3DTP2,Q6IS14,C9J7B5,Q9GZV4,P63241-1,P63241-2	0.1519795265	0.1409172504	0.3996902157	0.3074130074
P12110-1	0.3962560997	0.2186182579	0.1875673522	0.1975582902
P08311	0.0988413164	0.1303028823	0.431789138	0.3390666633
B3KVN0,Q0P512,D3DPX0,B4DDR6,B4DKW1,C9JIM8,Q59GX2,P11166	0.119048518	0.1405826706	0.4645694771	0.2757993343
B7ZLE5,B7ZLF0	0.2152819458	0.2031084028	0.3292095099	0.2524001414
B4DJP7,P62318	0.2549968113	0.1543039527	0.297298717	0.293400519
O75533	0.2342346566	0.1689583218	0.3230477177	0.2737593038
B4DTC3,B9ZVU1,Q12771,Q14103-1,Q14103-2,Q14103-3,Q14103-4	0.227807857	0.1748428651	0.2733678433	0.3239814346
P13667	0.2057159378	0.1617124996	0.3719219129	0.2606496497
P32119	0.1740595612	0.2335467893	0.2713595899	0.3210340595
P09382	0.1841997575	0.1814251436	0.3090448383	0.3253302606
P37108	0.2166792546	0.1490123399	0.2780847823	0.3562236231
P05386,Q6FG99,Q7Z612,Q6ICQ4	0.1842854423	0.192907495	0.3218946985	0.3009123642
D2JYH4,P62736	0.2106587419	0.2247093954	0.3223588779	0.2422729848
Q9Y6C9	0.1938274434	0.2189459884	0.2739590273	0.3132675409
D3DV46,P26447	0.1668458525	0.1147990516	0.4815286627	0.2368264331
B2R4M6,P06702,D3DV36,C9J1H1	0.1235764331	0.1004666355	0.4620004698	0.3139564617
A4QPB0,P46940,Q6P1N4	0.1619472706	0.2084814622	0.2924058168	0.3371654505
P30084	0.1996983763	0.2258068016	0.2815149413	0.2929798808
P22392-2,Q32Q12	0.2054751634	0.2035514908	0.3195227336	0.2714506123
P14866,Q6NTA2	0.2534509554	0.1635309183	0.3170877816	0.2659303447
B3KUJ8,P07858,B4DL49,B4DMY4,Q6LAF9	0.2030018192	0.0875580114	0.3107577863	0.3986823831
B0UXD8,B4DVL4,Q5SP06,Q7YPT8,P01903,Q30118	0.1542234941	0.160265714	0.4231248601	0.2623859318
P59665,Q6EZE9,Q6EZF6,P59666	0.0692747955	0.0880827149	0.3892574318	0.4533850578
B4DQI7,Q9BPW8	0.1638567418	0.2001879379	0.3138019064	0.3221534138
A8K4W6,P00558,B7Z7A9	0.1325327364	0.1367230529	0.4248801102	0.3058641004
D3DTX7	0.4195965224	0.3603325352	0.1313425333	0.0887284091
B4DTG2,Q53YD7,P26641	0.1891011648	0.1851822911	0.3251440194	0.3005725246
A8K9U8,B2MV13,Q2TUW9,B3KSL2,B3VMW0,Q5DSM0,Q5EK51,P02788	0.130994098	0.1483377423	0.4328314544	0.2878367052
A8C1Z0,B7Z2N4,B3KXH0,B7Z766,Q9Y4L1,Q05D91,Q6IN67,B7Z909	0.1758761478	0.1610984962	0.3472180647	0.3158072912
A8K3B4,B2R6E5,Q59ED7,Q63HL4,P16435	0.1999391905	0.1890316862	0.2902020047	0.3208271187
B2R5R1,Q14956-1,B4DN79,B4E3D4,B4DLJ7,B4DLL8,Q14956-2	0.1252817466	0.0758359618	0.5371610796	0.261721212
P08123	0.3470587075	0.3661462057	0.1572081583	0.1295869285
A8K220,B2RE56,B4DM82,A8K486,P62937	0.1795316665	0.1737489681	0.3541487983	0.2925705671
B7ZA86,D3DTH5,Q4VJB6,P62258	0.1810114974	0.1722408085	0.4003535403	0.2463941538
B2R6J2,E1P5A8,Q6NUR7,P15311	0.2606029629	0.1382332409	0.3579985789	0.2431652173
P31947-1,P31947-2	0.1885601667	0.169654081	0.4075302644	0.2342554879
B7Z1K5,Q53GA7,Q9BQE3	0.2632426441	0.1592384286	0.3179414963	0.259577431
C8C504	0.1824657389	0.2807610345	0.2439776545	0.2927955721
B2RCQ9,B4DI54,Q53FA3,P34931	0.1994303916	0.1966773249	0.3493251827	0.2545671009
P54819-1,P54819-2,P54819-3,P54819-4,P54819-6	0.1873344355	0.243209601	0.2920939679	0.2773619957
A8K9C4,Q6IPS9,Q6IPT9,Q53G85,Q53GE9,Q53HM9,Q53HQ7,P68104,Q5VTE0,Q6IPN6	0.1907900371	0.1425711932	0.4189459744	0.2476927953
B2R659,B4DSD0,B4DVS5,P51659,B4DNV1	0.1579115305	0.2164514892	0.2989949785	0.3266420018
D3DQ93,P21796	0.2065705485	0.2265286689	0.3124176983	0.2544830842
B5BU24,E1P616,P31946-1,P31946-2	0.1901573201	0.1706996642	0.4083974495	0.2307455662
P07339	0.2584966092	0.1875226979	0.2704998499	0.283480843
C9JAF0	0.185323218	0.1782798903	0.3897247671	0.2466721247
O75367-1,O75367-2,O75367-3	0.2612134022	0.1945708398	0.2829960601	0.2612196979
B2R959	0.2505049949	0.1716087246	0.3064450143	0.2714412662
P15924-1	0.2045908457	0.2346400099	0.3296508978	0.2311182466
O00299,Q5SRT3,Q53FB0	0.1570536336	0.1798035942	0.3474283429	0.3157144293
Q96HE7	0.1455993657	0.1636037904	0.3546285961	0.3361682479
C9J4C3,C9J5P2,C9JGD1,P11388-1,P11388-2,P11388-3,P11388-4	0.1542773002	0.1963522617	0.3302249348	0.3191455033
A8K4W0,D3DP05,D6RAT0,D6RB09,D6RG13,Q6NXR8,P61247	0.1978639364	0.1813209963	0.3320138434	0.2888012239
B2RBL3,C9JGI3,P19971	0.1641201406	0.1399081462	0.350166736	0.3458049771
P02545-1,Q5I6Y4,Q5I6Y6,Q6UYC3	0.2691229816	0.2587051781	0.2162522446	0.2559195957
P48047,Q53HH2	0.2055846151	0.214372401	0.2757490807	0.3042939032
Q562R1	0.2055020089	0.2111679114	0.3156345697	0.2676955099
B2R4M6,D3DV36,C9J1H1,P06702	0.1001701216	0.1088988928	0.512508903	0.2784220826
P45973	0.2122644109	0.1725910619	0.3308502455	0.2842942816
Q13748-1,Q1ZYQ1,Q71U36	0.2723727306	0.1488433722	0.2988867808	0.2798971164
P00915	0.1990778157	0.2456879654	0.2571466254	0.2980875935
P05164-1,P05164-2,P05164-3	0.0924285492	0.1811367467	0.4078997259	0.3185349782
B2R6D7,Q2I0Y7,D3DVV8,B5BUH5,Q5U5J2,P68400	0.2082636427	0.1909667937	0.311556798	0.2892127655
A8K566,B3KY12,D3DPT5,A8K7V1,Q53HM6,Q12874	0.204326922	0.2071815217	0.3004707671	0.2880207892
B2R8N0,Q6FGZ3,P07099	0.2014382017	0.224707541	0.3068409191	0.2670133382
P62140	0.2168554174	0.1735434346	0.3690784441	0.2405227039
O75340,Q53FC3	0.197605677	0.1959839965	0.3564568713	0.2499534553
P22314	0.1562952481	0.2008670035	0.3614864549	0.2813512935
D6W618,Q8TA90,P13639	0.1535839408	0.1820075122	0.3802605022	0.2841480448
B2RWP9,Q4LE45,P35580-1,P35580-2,P35580-3	0.2091662933	0.2160984192	0.3160265857	0.2587087018
P31942-1,P31942-2	0.2050535399	0.1808086018	0.2772662029	0.3368716554
Q06323,Q6FHU3,Q6IBM2	0.183819321	0.2092734475	0.329272607	0.2776346245
P04908,Q7L7L0,Q08AJ9	0.2541603433	0.1921765693	0.2864089008	0.2672541865
A8C1Z0,Q9Y4L1	0.1893496943	0.1966391183	0.3376004964	0.276410691
D3DTX8,D6RD78,Q96AG4	0.2426653874	0.2047447857	0.2628996242	0.2896902027
A8K3H8,B3KQV6,B4DDF7,B4DE69,B4DQY1,A8K7B7,Q8NB89,P30153	0.1891460675	0.2160554281	0.333685509	0.2611129954
A6NNE8,B4DEK2,C9JAB2,Q564D3,Q16629-1,Q16629-2,Q16629-3	0.2220139247	0.1886303777	0.3016665396	0.2876891579
A8K259,P50454,B4DN87	0.2228847314	0.1554259214	0.2642676401	0.3574217072
B4E2S7,D3DTF0,Q6Q3G8,P13473-1,P13473-2	0.163562361	0.2156369764	0.3081727896	0.312627873
A8K538,B4E3E8,B5BTY4,Q5S4N1,Q59GX6,O00571	0.1503194975	0.1719960038	0.3491953408	0.3284891579
B4DWD1,P04839	0.126682786	0.1850102526	0.3151722285	0.3731347329
B2R8R5,Q13263-1	0.2502260516	0.1694280465	0.3402077651	0.2401381368
A8K4T9,B4DSJ1,Q5QPL9,Q5QPM1,Q9UKM9-1,Q9UKM9-2,Q53GL6	0.1903949956	0.1602257542	0.3030305398	0.3463487103
B2R5W3,P09874,B4E0E1	0.1884070829	0.1966860042	0.3262885065	0.2886184065
B3KY63,Q14839-1,Q14839-2	0.2086508878	0.1829937772	0.3180927325	0.2902626025
P54652	0.2319718768	0.1590769247	0.3491160004	0.2598351981
A6NN80,D3DQH4,B7Z8A7,A8K3Q7,P08133	0.184482921	0.2630206108	0.2597456905	0.2927507778
P10909-1,P10909-2	0.1333785977	0.2371196006	0.414097473	0.2154043287
P62906,Q1JQ76	0.2557638546	0.1669780494	0.2982308819	0.2790272142
Q6FIG4,Q92928,Q9H0U4	0.1818653027	0.2437756955	0.2747772542	0.2995817476
B2R802,P09012	0.225412556	0.1875036435	0.2887247823	0.2983590181
D7RX09,P15924-1	0.1983454053	0.2173555512	0.3392514334	0.24504761
B3KRR1,B3KSL5,B7Z4Q3,B7Z500,Q9Y383-1,Q9Y383-2	0.1630046101	0.1361145593	0.4023118277	0.2985690029
Q9UE89	0.1680001647	0.2028458814	0.3231249116	0.3060290424
Q93077	0.2503448778	0.194067415	0.2933934994	0.2621942078
A8MXP9,D3DQC3,P43243	0.2547472999	0.1673283868	0.318883565	0.2590407484
B4DNW3,P35659	0.2159302003	0.1621231549	0.3306781767	0.2912684681
D3DVB0,Q3BDU5,P02545-2	0.2697999281	0.2550313479	0.2192375459	0.2559311781
B2R7Z6,Q8TDL5-1	0.2810615992	0.3878686693	0.1861885635	0.144881168
P14923	0.218097456	0.2330527216	0.2916663086	0.2571835137
A2RRD3,B3KWX7,B4DLM0,B4DRA0,B4E1M7,Q6MZY7,Q6N037,B7Z4L7,Q7Z3L0,Q68DD9,Q14498-1,Q14498-2	0.2316334346	0.1758162421	0.2748104934	0.3177398299
A8K088,A8K7F6,D3DTP9,P60842	0.2120947675	0.1367992484	0.3527239218	0.2983820623
A4D177,Q13185	0.2132944326	0.1702232081	0.354644708	0.2618376513
B4DIT7,E1P5V9,P21980-1	0.1869792736	0.1670515226	0.3516247736	0.2943444302
B2R5W3,B4E0E1,P09874	0.1503213536	0.1912042615	0.3437683407	0.3147060442
P30043	0.1670403489	0.2251057662	0.2693912962	0.3384625887
A8K3W4,Q9BUJ2-1,Q9BUJ2-2,B7Z4B8,Q9BUJ2-3,Q9BUJ2-4	0.2509587894	0.1490652226	0.3075283459	0.2924476421
P31937,Q546Z2	0.2088805387	0.23387711	0.2527647755	0.3044775758
Q9UMS4	0.2176050686	0.1489613668	0.3473882405	0.286045324
D6W605,Q05DF2,Q15428	0.2001871298	0.1730225409	0.2983462916	0.3284440377
D6RFM5,Q59GW8,P31040	0.2348933942	0.1891870559	0.3305701451	0.2453494048
B4DPU3,P13639,D6W618	0.1398513239	0.1436810691	0.4322189234	0.2842486836
A6NLG9,B3KS75,D3DWU3,B4DDQ2,A8K7E0,Q53FI4,P21810,Q8NAB7	0.346405214	0.2756625956	0.1630131571	0.2149190333
P07942,Q8TAS6	0.1489162995	0.0967835237	0.4888730739	0.2654271028
A6NMH8,P60033	0.2139119332	0.1935911427	0.3112692542	0.2812276698
Q13547,Q6IT96	0.2147557426	0.1868437106	0.3122460422	0.2861545047
P09211	0.1524518717	0.1222136988	0.4565767734	0.268757656
B1AVU8,C9JIZ6,Q53FJ5,P07602-2,Q53Y86,P07602-1,Q59EN5,P07602-3,C9J7I6	0.1975986555	0.1901877235	0.2812863389	0.3309272822
P04080,Q76LA1	0.2018177486	0.122350576	0.4381777486	0.2376539268
B2R7W4,Q0VGD6,O43390-1	0.2472387028	0.1772363306	0.3164326254	0.2590923412
Q8IUE6	0.23078146	0.1854186938	0.323671734	0.2601281123
P62316	0.2081328743	0.1635257628	0.3090592049	0.319282158
B4E040,P11233,B4E364,Q6ZS74,Q53T32,P11234	0.1983677961	0.2180422004	0.2719140555	0.3116759479
B4DZC0,B7ZAX9,O60264	0.1990656077	0.1697601456	0.2998967438	0.3312775029
B2R491,P62701	0.1807217862	0.1715862825	0.3231633157	0.3245286155
B3KNG6,B3KPG9,B3KQF5,D6QS48,D6QS59,Q6IAW5,O43852-1,O43852-2	0.1798782343	0.1901516774	0.3425927306	0.2873773577
A5PL27,A8K5A4,P00450	0.1797264345	0.1552595807	0.3763199952	0.2886939896
A8K7F6,D3DNU9,Q9NZE6,Q14240-1,Q14240-2,D3DTP9,P60842,B4DNH2	0.1609524023	0.1750187814	0.3450789046	0.3189499117
Q9H853	0.2656520839	0.1359802437	0.3573600891	0.2410075833
C9JFR7,P99999	0.1986160176	0.2191007062	0.2808040456	0.3014792305
B4DFL1,B4DMK9,B4DT69,P09622	0.1992688625	0.242014776	0.2943841547	0.2643322068
Q5TCU6,Q9Y490	0.1824321599	0.2171020823	0.3113970046	0.2890687531
A8K3M9,Q13242	0.2637986487	0.1646449265	0.2843269438	0.2872294809
B3KTN4	0.165648188	0.2032387133	0.311384817	0.3197282818
A6NI00,B0AZR9,E1P5G3,E1P5G5,Q5FWY2,Q5JWF2-1,Q5JWF2-2,Q14455,P63092-1,P63092-2,P63092-3	0.1974231863	0.2357199418	0.2795487741	0.2873080978
P23528	0.1775134545	0.1500290324	0.4206186963	0.2518388168
B4DK14,Q9NTK5-1,Q9NTK5-3,D7EHM2,C9JTK6,Q53SW9	0.1412162953	0.220080468	0.3637245843	0.2749786523
D3DU82,D3DU83,Q3KQT6,Q6IPX5,Q8J014,Q8N5L9,Q8NI61,P15880	0.1483202663	0.1949963172	0.3404938229	0.3161895937
C9J7T6,D3DWW6,Q5HY50,Q96L21,P27635	0.2229372026	0.1729638736	0.264184413	0.3399145108
D3DRC9,P30048	0.2218883273	0.2170136218	0.2679722868	0.2931257641
P12270,Q99968	0.2017584223	0.2082301557	0.3141149116	0.2758965104
Q9BTM1-2	0.2520969087	0.1927520497	0.3013551978	0.2537958438
P12035	0.2168531121	0.1752223059	0.3492138786	0.2587107033
A8KAK1,Q9NYU2-1,Q9NYU2-2	0.1686173718	0.2148841937	0.2664873228	0.3500111118
D6W5F4,Q8IY98,P61160	0.1848898394	0.192891645	0.3467457374	0.2754727782
A8K4T9,B4DSJ1,Q5QPL9,Q5QPM1,Q9UKM9-1,Q9UKM9-2,Q53GL6,Q5QPM2	0.221632421	0.1662628245	0.3092888374	0.3028159171
B7Z591,C9JX01,Q9UM00-1,Q9UM00-2	0.1823716924	0.1904133862	0.2729506527	0.3542642687
A8K2X8,B4DDU6,B4DE30,B4DX08,B4DXI1,B4DYC8,B4DYD8,B4DZT5,B7ZAR1,Q9BU08,Q96GI1,P48643	0.1540984149	0.1709143255	0.3607503712	0.3142368884
B0V2L1,B0V2L2,B4DP52,Q5STA0,Q5STU3,Q13838-1,Q13838-2	0.260669528	0.1521289371	0.2979450136	0.2892565213
D3DPQ3,Q09028-1,Q09028-2,Q09028-3	0.2005158347	0.2063341519	0.32270281	0.2704472034
B3KT34,Q0QF12,B4DJ60,B4DYN5,D6RFM5,Q59GW8,P31040,Q8IW48	0.2174189081	0.1779257003	0.3154258142	0.2892295775
A0AV56,A0PJ47,A8MXT5,C9JPX0,Q14151,B7Z2Z1,B7Z5B6,B7ZLP5,B7ZLP6,A8K329,Q15424,B7Z1C7,B7Z2F6,B7Z5X3	0.2143355208	0.2100521584	0.2723665695	0.3032457513
P02533	0.2145226978	0.2123859882	0.2976672369	0.2754240771
P62304,Q5VYJ4	0.2576668133	0.1843140501	0.2724872591	0.2855318775
B3KM80,B3KTP9,Q6ZS99,P19338	0.2295476312	0.1920756701	0.2900018159	0.2883748827
P24752	0.2612897479	0.1707648713	0.2782167529	0.2897286279
A6NIT8,Q6NTA2,B2R959,P14866	0.2164382842	0.167619105	0.3174104513	0.2985321594
P62249,Q6IPX4	0.2555616973	0.1461646275	0.2863324842	0.311941191
P01024	0.1802457996	0.1695297662	0.3862793437	0.2639450904
O75643-1	0.2342964593	0.1669703831	0.3220929958	0.2766401618
A8K3Z8,B4DV51,B5MDF5,P62826	0.209548063	0.1881535586	0.2490254334	0.353272945
A8K3Z8,B5MDF5,P62826	0.2129557487	0.1631417488	0.3616118449	0.2622906576
B2R8Z8,E1P501,E1P502,Q05CK9,O60506-1,O60506-2,O60506-3,O60506-4	0.1852816178	0.1700831807	0.3246251399	0.3200100616
B2R774,Q53FS4,P49257	0.2400471318	0.1977044472	0.2890827127	0.2731657083
B3KQ79,D3DWV5,Q53G72,Q53HT6,P51572	0.1975888783	0.2392531216	0.2692785857	0.2938794144
B5MCP9,Q57Z92,P62081,Q59FS3	0.2611391999	0.154210572	0.2542170671	0.330433161
C9JUM1	0.195673956	0.2280424488	0.3113374118	0.2649461834
C7DJS1	0.1567251291	0.1235949132	0.4558320704	0.2638478873
B4DVJ0,P06744	0.1619267938	0.1400531852	0.4439606841	0.2540593369
B7Z965,Q5T7C4,Q5T7C6,Q59GW1,P09429,Q5T7C0	0.198378486	0.157781738	0.4151389652	0.2287008108
P13645	0.3038045988	0.2823898042	0.257059295	0.156746302
A4UCS9,P04075	0.2344027477	0.1944446332	0.2918923951	0.279260224
Q03252	0.3377100859	0.2156545154	0.2276699189	0.2189654799
B2R4S5,B4DQV7,B4DV10,Q53HV6,P61916	0.1823689876	0.2152163503	0.3152543341	0.287160328
B2R8A2,Q9BVK6	0.1968689192	0.2318873864	0.2764191518	0.2948245426
A8K092,P25705	0.2178207057	0.2492643793	0.2760711493	0.2568437657
B4DWI8,Q8WXF1-1,Q8WXF1-2	0.2434003595	0.1652879151	0.3250469207	0.2662648047
P05091,Q53FB6	0.2252743968	0.3383189567	0.2095923172	0.2268143293
B4DPF1,Q96KP4-1,Q96KP4-2,B4DV28,Q9H7K8,Q9NW02	0.1800925219	0.1795775697	0.3502866519	0.2900432565
A8K1M2,B2RDW0,B4DJ51,Q9BRL5,P27482,P62158	0.2144316603	0.2103442956	0.3217565195	0.2534675246
O15230	0.1708597688	0.1589032928	0.4863572169	0.1838797216
B7Z1M1,D3DR00,Q15293	0.1918805496	0.182697029	0.31373949	0.3116829314
P05387,Q6FG96	0.1660032895	0.2058337922	0.3467231145	0.2814398038
A8MZ73,P62273	0.2269748238	0.1704040649	0.3014224844	0.3011986269
B0AZQ4,Q9UQE7,Q86VX4	0.1995333483	0.2020633183	0.295398771	0.3030045624
B4DTK1,B4DU16,Q6MZM7,Q6N084,Q59G22,B7ZLE5,B7ZLF0,Q68CX6	0.1340497524	0.1990442339	0.3841447809	0.2827612328
B4DDR7,D3DT38,Q9Y3A6,Q49AG2	0.236484278	0.1857175679	0.2883570798	0.2894410743
D3DRC9,Q53HC2,P30048	0.1810166409	0.1939162326	0.3158537605	0.309213366
P07737,Q53Y44	0.1533093804	0.1629170191	0.3743909068	0.3093826937
A8K7G6,Q4ZG28,P05451	0.3508103082	0.2881167828	0.1562142441	0.2048586649
P18669,Q6FHU2,Q6FHK8,Q53G35,Q0D2Q6,Q6P6D7	0.1339673465	0.1347024042	0.4008958105	0.3304344388
Q8IX12-1,Q8IX12-2	0.2314069171	0.1765877864	0.3037151904	0.2882901061
P50895	0.1483503823	0.1732553386	0.4033219981	0.2750722809
Q14254,Q6FG43,Q9BTI6	0.1804275614	0.2264230967	0.28992838	0.3032209619
B4DHQ2,Q3HY29,P23219-1,P23219-2,Q3HY28,B4E2S5	0.1545453793	0.1584849316	0.3982400325	0.2887296566
A6NE09,C9J9K3,Q96RS2,P08865	0.1894303452	0.1678360647	0.3446907949	0.2980427953
Q96EE3-1,Q96EE3-2	0.1921174239	0.2072887711	0.3091837793	0.2914100257
B4DMH5,B4E1U9,B7ZAY4,P60953-1,P60953-2	0.1888174781	0.1958102306	0.3010890672	0.3142832241
E1P5V2,Q9Y3Z3-1	0.1963868337	0.1444843496	0.3375855255	0.3215432912
Q58FF8	0.1825149043	0.109254329	0.3641049247	0.3441258419
B2R7D6,B4DVY9,B7Z719,B7ZW10,B7ZW16,B7ZW62,P00790	0.5251666397	0.3036403411	0.0981180515	0.0730749677
O76014,Q6A165	0.1877201256	0.1719133473	0.3167702898	0.3235962373
B4DJ63,B4DWA7,B4E1G2,B7Z9F1,Q53ET4,Q5BJF5,Q5HYG8,Q8N1A5,P34897,B4DJQ3,B4DLV4,B4DP88,B4DW25	0.16471091	0.1000558998	0.3569141065	0.3783190837
B5MC62,Q8TD06	0.2815049417	0.3451382388	0.1798571585	0.1934996611
P62841	0.2071150184	0.187363726	0.3057976628	0.2997235928
B7Z3Y2,B7Z8A2,B7Z9P8,Q9UHG3,Q584P1	0.1835049349	0.2365683887	0.2627400839	0.3171865925
Q6J1Z7	0.1839543477	0.2850837008	0.2369503285	0.294011623
A8K4H1,B4DR70,Q6IBQ5,Q8TBR3,Q59H57,Q13344,P35637-1,P35637-2	0.2162146352	0.124198822	0.3887065244	0.2708800184
A8K008,Q6GMX6,Q5EFE5,P01857,Q6PYX1,Q6N089,Q6MZV7	0.1951912384	0.2139946514	0.3226371582	0.268176952
D3DUE6,D3DUE7,Q49A26-1,Q49A26-2,Q49A26-3,Q49A26-4,Q49A26-5	0.2281266014	0.1755569063	0.305595112	0.2907213802
P61019	0.2254575066	0.1996906524	0.3248548691	0.2499969719
B4DVB8,Q15717	0.2136813563	0.1664237707	0.3538965604	0.2659983126
Q59E92,Q7Z2V5	0.2223456574	0.1680424252	0.351352831	0.2582590864
D3DN63,Q9NUJ1	0.2308193235	0.1984174574	0.2847779182	0.2859853009
B4DF00,D3DVL0,B4E2U9,Q02218	0.2094753265	0.2481280628	0.2591380463	0.2832585644
A6NLG9,B3KS75,D3DWU3,B4DDQ2,A8K7E0,Q8NAB7,Q53FI4,Q53HU6,P21810	0.3070291035	0.2726527811	0.1856263408	0.2346917746
A8K6V3,Q15393-1	0.2093379132	0.1902963631	0.3538904741	0.2464752497
A0PJ61,O76021,A0PJ87,D3DUG7,Q32Q62	0.2346292012	0.148859583	0.3305033062	0.2860079096
A8K2R3,O60341-1,O60341-2	0.1863904317	0.1968007306	0.3178059657	0.2990028719
B4E2C1,Q3B7W7,Q6JUT2,Q8NBU8,Q9Y3B3	0.2382184717	0.1837589188	0.2540973818	0.3239252276
B4DKN9,Q9BVT0,P61586	0.1982893094	0.1748018044	0.3030300023	0.323878884
B2R761,D3DQ37,B4DGJ9,B4DHP6,P22307-1,E1B6W5,P22307-2	0.1745989158	0.2455890981	0.2892588124	0.2905531737
A8MXQ4,D3DQY3,D3YTI4,B7Z5E3,C9J4M5,P00338-1,P00338-2	0.1697138878	0.1387004736	0.4247587985	0.2668268401
P02763,Q5T539	0.131863438	0.23097877	0.356510033	0.2806477591
B0I1S2,Q7Z406-2,Q7Z406-1	0.1973603847	0.2637046671	0.2806903815	0.2582445667
B2R7F8,P00747	0.2032889063	0.1570777211	0.3881060557	0.251527317
B2R6X5,B3KSM6,Q53FC7,P17066	0.232594749	0.1757016176	0.3841591119	0.2075445215
B4DP27,Q6FHT8,Q15363	0.224037992	0.2088104113	0.2653607869	0.3017908098
A8MT02,B3KVR1,B4DVS0,Q5XPV6,Q6LBS1,Q9UIS4,Q53HE7,Q66K91,P14678-1,P14678-2,P14678-3,Q15182,P63162	0.2215261671	0.1961124784	0.2897581379	0.2926032166
P16615-1,P16615-2,P16615-3,P16615-4,P16615-5	0.1577923819	0.1869173068	0.3160254427	0.3392648686
B4DRT4,D9IAI1,P30086	0.1789542427	0.2368905216	0.3113150513	0.2728401843
A0PJ62,Q6IPH7,B7Z6S8,A8K3Q9,A8K7N0,P50914	0.2127425278	0.1828883204	0.3176735429	0.286695609
P22392-1,Q6FHN3,P22392-2,Q32Q12	0.1516570469	0.2309310985	0.3283729991	0.2890388555
B4DKD0,Q71UH4,Q02880-2,Q02880-1	0.2151759359	0.2023085338	0.2636797208	0.3188358095
A6NLM8,P51571	0.2238874079	0.1806245175	0.2788618382	0.3166262364
A8K9K4,Q58F09,Q13724	0.1958857229	0.2209017292	0.3165986802	0.2666138677
D3DQ69,D3DQ70,Q5VU21,Q8NC51-2,Q8NC51-4,Q63HR1,Q8NC51-1,Q8NC51-3	0.2173561444	0.1912810259	0.3263472375	0.2650155922
B3KPA6,Q53HR2,B4DEB6,B4DEA8,B3KPX1,P49748-1,P49748-2	0.2057086749	0.1819719305	0.2968957398	0.3154236549
P01834,Q0KKI6,Q5EFE6,Q6GMX0,Q6P5S8,Q6PIL8,Q6PJF2,Q7Z3Y4,Q8TCD0	0.1709568981	0.23157885	0.354687163	0.242777089
P04233-1	0.2312527189	0.1776171749	0.2972317616	0.2938983446
Q16762,Q53EW8	0.2327988542	0.2355615753	0.288692314	0.2429472564
B7Z8A2,Q9UHG3	0.1978703463	0.2465902977	0.2600243867	0.2955149694
B2R6N9,C9J5W0,P43307-1,P43307-2,C9J3L8,C9IZQ1	0.2023012078	0.2175095202	0.2812181435	0.2989711285
B4DVE1,Q08380	0.165754024	0.2356791816	0.3212377743	0.2773290201
P12110-1,Q9BUM6	0.3914802607	0.2657964542	0.1477121495	0.1950111356
B3KP88,B4DDG4,Q08380,B4DWA8,B4DVE1,B4DI70	0.1563428794	0.2304027901	0.372020684	0.2412336465
B3KP24,B3KTZ0,B3KX51,B4DYA0,B4E2X5,Q6B6N3,Q96C71,P04899-1,P04899-2	0.2251202463	0.1993313983	0.3205937335	0.2549546219
Q08945	0.2411794678	0.1576308872	0.3717403344	0.2294493106
P31942-1,Q53F48,P31942-2	0.2113170759	0.2116520567	0.2892804482	0.2877504192
D3DUC8,Q12931	0.2024086891	0.1682185651	0.3683682293	0.2610045164
P04264	0.2440296683	0.2889824194	0.2353936527	0.2315942596
B4DGY2,Q9ULC4-2,Q9ULC4-1	0.1438871823	0.1917917132	0.3914239284	0.2728971761
P25787,Q53GF5	0.2154525883	0.1536229352	0.3142673211	0.3166571554
O15260-1,Q5T8U5,Q5T8U7,O15260-2	0.2227521684	0.2039921493	0.3063216019	0.2669340804
B4DR68,Q8N9Z3,Q9BV61,Q53G55	0.2063969258	0.173005095	0.367847438	0.2527505412
A3RJH1,Q92499	0.2301735258	0.200879017	0.2857995521	0.2831479051
Q14126	0.181734506	0.2055396919	0.354604964	0.2581208381
B4DDR2,B4DP93,B4DXN0,Q14764	0.1408777069	0.1960005807	0.3584994293	0.304622283
B2R8N0,P07099,Q6FGZ3	0.1682149172	0.2432060766	0.2940917318	0.2944872744
B7Z605,Q5T8U5,Q5T8U7,B7Z6A4,O15260-1,O15260-2	0.2078446249	0.2073150125	0.2863879738	0.2984523888
B4DSE2,D3DQU2,B4E0C7,B5MDC1,Q53HP2,O14773-1,O14773-2	0.2101044646	0.2201572563	0.3125568079	0.2571814712
B2RE88,Q8NCF7,Q53HC3,Q00325-2,Q00325-1	0.191305175	0.2337639819	0.2491060008	0.3258248423
P53621-1,P53621-2	0.1796924706	0.2188423067	0.3027581071	0.2987071157
D3DR07,P04040	0.1992819934	0.2463502249	0.2638160305	0.2905517512
C9JMP9,P35221-1,P35221-2	0.1983118155	0.2443495419	0.2993053763	0.2580332663
B4DXW1,Q53QM2,Q59FV6,P61158	0.189182708	0.1557096737	0.4147551941	0.2403524241
B2RDW0,B4DJ51,P62158,Q9BRL5	0.2159724447	0.2056433538	0.3393594985	0.239024703
B4DFD5,Q9H0A0	0.1704339273	0.2028217551	0.3429651442	0.2837791734
A3R0T7,B2R984,A3R0T8,Q4VB24,P10412	0.242030247	0.180517374	0.2538879719	0.3235644071
A8K7H3,B2R4W8,P62244	0.2343940199	0.1731314358	0.3111535716	0.2813209727
P30050-1,P30050-2	0.2558472298	0.1782067541	0.327482888	0.2384631281
B4DIS3,D6W578,Q9C005	0.2298980558	0.1525214359	0.3258312094	0.291749299
A8K7J7,B3KRA9,B4DG62,Q59FD4,P19367-1,P19367-2,P19367-3,P19367-4	0.2282867699	0.1915877781	0.2815420157	0.2985834364
O14776-1,O14776-2	0.1943045241	0.2022651824	0.3033544798	0.3000758137
B4DZZ1,Q9BQG0-1,Q9BQG0-2	0.2366626945	0.1781401916	0.2978026148	0.287394499
B7Z1Z0,Q59G24,Q6IBA2,P53999	0.1567065235	0.1800835703	0.3792104216	0.2839994846
A8MZ76,Q2TNB3,Q6FHK9,C9JE52,Q9UL46,Q86SZ7	0.1603019893	0.1643392173	0.366320963	0.3090378304
C9JIS1,Q6FHM2,C9JXA5,C9JZN1,P62879	0.2038756079	0.2116589689	0.2915437044	0.2929217188
E1P5R0,Q9HCD5	0.1926232194	0.2017232173	0.3193879959	0.2862655674
P62241,Q5JR94,Q5JR95	0.1958513757	0.1711401672	0.3105402837	0.3224681734
